0 2 3 5 8 10 13 22 35 37 40 45 50 63 71 74 75 77 88 94 
4 10 20 22 24 27 28 29 33 35 36 38 50 57 58 64 69 72 73 98 
0 2 4 7 9 11 13 24 31 32 34 37 41 50 62 63 77 82 87 88 
4 12 23 26 27 31 34 38 41 54 56 57 62 64 66 73 76 77 95 100 
1 11 14 20 24 28 29 30 38 39 49 61 67 79 83 90 91 95 97 99 
1 5 16 20 29 38 42 43 44 57 64 65 67 70 83 87 88 89 91 97 
5 18 19 27 31 34 35 46 49 52 55 59 66 67 70 80 85 88 96 99 
0 2 3 5 11 15 18 20 24 25 33 34 54 61 62 67 87 90 99 100 
4 7 13 17 21 24 25 26 32 53 58 61 69 74 75 76 80 84 91 92 
2 6 25 26 36 40 44 58 63 64 69 70 71 76 78 80 85 86 89 93 
2 7 24 25 29 30 31 35 45 47 50 52 56 60 62 79 84 87 91 99 
1 7 10 15 21 25 27 32 34 35 f a f 42 46 55 56 59 62 72 77 93 96
1 3 4 9 11 22 24 29 41 53 55 57 68 69 71 80 91 92 94 95 
1 6 10 15 23 27 30 33 36 40 43 46 74 83 84 86 91 96 98 100 
0 3 9 26 32 34 38 45 49 52 56 58 67 70 75 84 93 94 97 98 
0 2 6 23 30 35 36 42 45 47 51 54 65 71 77 86 87 91 93 100 
3 11 12 21 28 29 39 42 47 61 68 74 75 76 80 82 86 93 96 99 
6 8 9 10 21 24 30 32 33 41 51 52 53 54 56 63 77 78 82 92 
2 7 10 13 18 19 22 34 43 45 52 64 70 78 79 87 91 93 94 99 
9 11 14 18 19 22 23 28 37 39 46 67 69 70 71 75 76 77 86 95 
